.Random.seed <-
c(403L, 10L, 533269527L, -1687086067L, -1313130204L, -418048758L, 
1530033269L, 618373071L, 1196703958L, 906166400L, -1490731325L, 
-372471711L, 702101712L, -134155730L, -1433922599L, 214277099L, 
494893658L, -2079224804L, 730388767L, -1461991051L, -1326135284L, 
-144010782L, 165276349L, 1015457079L, -1239316002L, -363458792L, 
-891861381L, 426837017L, 1192604840L, 1943113302L, 716155601L, 
-1062057341L, -548044526L, 981607588L, 974713959L, 88243645L, 
1749614388L, 226696346L, 1160274661L, -617407361L, 486151686L, 
-1138974320L, 425745459L, 466940881L, -1238943360L, 1938920542L, 
-2126134359L, 1998395995L, 1999863402L, -569228532L, -1126292145L, 
-2124718587L, -1074600772L, -1828579950L, -408465779L, 2077443271L, 
-1850072658L, -573076472L, -457654261L, -704580375L, 2013926328L, 
1038802022L, -1618952959L, -904569965L, 2133818434L, 458179572L, 
781372919L, 855282157L, -1943788924L, -1681746774L, -611319275L, 
-869237073L, -369214282L, 1783335648L, 541210147L, -1318569663L, 
672867376L, 1622326862L, -251207L, -1889300789L, -1920632966L, 
1596980860L, 694713023L, 996613013L, -2001183828L, -431042174L, 
-561703075L, -2004977065L, 1591537982L, 994185592L, -657528229L, 
-1031692871L, 1657651208L, 163185334L, 1747491313L, 2003718179L, 
-343216014L, 44815044L, 1177437319L, 1001322589L, -378626476L, 
-1349395334L, -1677260859L, 2061011231L, 1583401126L, -1302599120L, 
-486493997L, -387531023L, 1889099296L, 136177854L, -686199607L, 
-1194310021L, -794278838L, 1199148204L, 1315953583L, 543727461L, 
1805595932L, 1122016626L, -1266756115L, 1240136231L, 18061902L, 
2069618344L, 753071275L, 599586249L, -2083735080L, -1999654778L, 
1355267425L, -1631792909L, 711303010L, -559310380L, 1034251479L, 
-1198641459L, 1831863908L, -1425210294L, 45715893L, -1539007217L, 
883628566L, -1559399232L, -1283534205L, 101220001L, 110620816L, 
-2044519570L, -1343830759L, 915109291L, 782767002L, -843576484L, 
-758330785L, 1804448309L, 2077776332L, -205803230L, 263271293L, 
544362615L, -1076357730L, 1263692888L, -1127982661L, -1611522215L, 
1755815144L, -1156430570L, 1705825937L, 1498979139L, 122668626L, 
566618340L, 274430759L, 1160236925L, -1500994956L, -1973273510L, 
31507621L, 225484479L, -704641722L, 1443072976L, 539428339L, 
-371953391L, 1778900288L, -207938274L, -1660843543L, 780282651L, 
-2021673686L, 1815309900L, 1914354191L, 1270897989L, -189956356L, 
-1750510254L, -1243145523L, 1805349511L, -1144564370L, 584290120L, 
-1243088053L, 1829626537L, -1833023496L, -1805899994L, 197613633L, 
-1531397677L, -753101950L, -567060556L, 1878314807L, -1388001747L, 
-1705920700L, 1122780266L, -951214379L, -2077730705L, 256022902L, 
-1768791392L, -839577757L, 470123521L, -425119888L, -327522546L, 
1809858937L, 164844811L, -458109382L, -415046340L, 524593791L, 
-107531819L, -422260756L, 1951756610L, 824815261L, 627436311L, 
-705832322L, 1444022840L, -1647391461L, 2045491833L, 254965448L, 
1535741686L, -1703065807L, -1197891741L, 1419081010L, -958642556L, 
210981575L, -1611632227L, 1838003476L, -2070307752L, -1581713862L, 
1451217136L, -1541310788L, -1618947564L, 1932655810L, -291960224L, 
1621713276L, 1363922128L, -2133268446L, -1096354648L, -1683349108L, 
1672221116L, 1734118450L, -2083465408L, -16067916L, -438223544L, 
-702556486L, 830833424L, -1336829716L, -2112312236L, 2146945810L, 
498806176L, -1795278900L, 1672721248L, 1433558210L, -1122942424L, 
85409196L, -1684223172L, -771039374L, 1963163440L, 1091011620L, 
-256359880L, 1226852058L, -766213232L, 1057396988L, -1658134124L, 
-699751614L, -1115448832L, -1820138436L, -1331991984L, 1279394978L, 
1791522632L, 861191692L, 1393983196L, 1918566482L, -1941602176L, 
-918512812L, 1602036712L, -345578758L, 368189264L, -2018820052L, 
1142796660L, 640127634L, 183788128L, -1108507508L, 1960572256L, 
-1869068062L, -1528528728L, 822176460L, 20571644L, -797540430L, 
-394438672L, 1756349892L, -1068394152L, 531281274L, 1790141872L, 
-1856411204L, 1698789972L, -1929097790L, 1612725024L, 818056124L, 
-815184816L, -547741726L, -2116967576L, 2137876300L, 1538489084L, 
-1762477326L, 430665984L, 1791218804L, -1507272184L, 1804986810L, 
1253554640L, -251909140L, 972392340L, -141087534L, -1710208928L, 
683319628L, 244180768L, -680711550L, -1328363032L, 102568940L, 
-1490788804L, 635411058L, 2071224176L, 1530433828L, -1508291016L, 
1970363802L, 1513092560L, -684584516L, 1064002196L, 234698370L, 
-1795550784L, -1223852228L, 2063267472L, -1487449310L, -1577859576L, 
1404778252L, 1941895068L, -824827886L, 1964811136L, 220913428L, 
-2066413272L, 390537274L, -272328752L, 123955820L, 941689908L, 
2041582738L, -574718624L, 2039214412L, -152917536L, 1819787170L, 
406392744L, -865373044L, -803179588L, -225683342L, -1860045840L, 
-1516224444L, -992848808L, -254635974L, -1831419792L, -725224900L, 
-447317228L, -585171262L, -2048655648L, -251759492L, 992690384L, 
1122644898L, -1413705176L, -1562041076L, 1956813756L, 414893362L, 
-2080666432L, -263430604L, 1369626312L, 751670970L, -1776852848L, 
-1661732116L, -2110412204L, 1546112658L, 1851161376L, 1090448332L, 
106167520L, -1343067454L, -631431128L, -58553428L, -2071291204L, 
70501874L, -1086478800L, 2104864676L, -1118534216L, 1379188570L, 
1491720336L, -1286255748L, -2123029740L, 447643970L, 192201472L, 
910806972L, -1670253744L, -1789184734L, -93561272L, -227350516L, 
1523847260L, 891107794L, 459815424L, 470303060L, -453843736L, 
447773946L, 669349584L, -1350390484L, 62769396L, 1568544146L, 
1640724832L, 1638545420L, 48594656L, 1968560738L, 971259560L, 
-1639246260L, -508486788L, -2041121486L, 1435491952L, -1497244860L, 
-1901104168L, -1291092102L, 1221513776L, 385289148L, 1384637012L, 
-325800894L, -1112999776L, -1394998596L, 739237328L, 1468094306L, 
1960694504L, -1547410228L, -135057924L, 1409931762L, 1939732096L, 
-774830604L, -1848561016L, -174291142L, 1262935888L, 772770924L, 
-557380204L, 1551084626L, 325056992L, 590460108L, 427831456L, 
1769286018L, -431884056L, 1214931692L, 1877906748L, -2015572878L, 
-1890474896L, -2032079836L, -96133064L, -1196561638L, -1781424944L, 
-1858528034L, 2359211L, 511520941L, 1294378266L, -1202093608L, 
-332645823L, -2112360205L, -764752108L, 296068770L, 1561681847L, 
-1529418879L, 2116393350L, 2143714244L, -1388091659L, -795987105L, 
1588813240L, -1008704362L, 1435785891L, 1349631077L, 2115889538L, 
-1550961936L, -1934612839L, 1529129611L, 590474108L, 554782122L, 
-1371888161L, -2014497943L, -482839682L, -2090439828L, 1344544701L, 
344616071L, -1133305744L, -397718770L, -882579397L, -2047908067L, 
-1768946230L, -104595736L, 193040849L, -33938493L, 52559044L, 
-289651854L, -1629610425L, 1445182993L, -515977322L, 809284340L, 
-895994747L, -1510987313L, 422100168L, 1580608870L, 1426821011L, 
1132024053L, 1855772882L, 2074339104L, -217168119L, 1154707515L, 
125199756L, 1054579738L, 951668879L, -1065670695L, -20772754L, 
1587645436L, 1910036845L, -1973193961L, -817024288L, -1888522050L, 
-679084405L, 1430742285L, 326822202L, 1176680824L, 1056209697L, 
1848716243L, -1682713868L, -914523262L, 1662282263L, -1224202015L, 
-441031130L, 1509064484L, 785362901L, 787969919L, -1269841384L, 
-833830602L, -95113277L, 1263586821L, 380722594L, 1165189520L, 
1495791929L, -1156481557L, -1031209252L, 2099628810L, 1517741567L, 
-1603781559L, -2033877538L, -1046065780L, -133260963L, 521965927L, 
-1974791536L, -1716949842L, -132465317L, 1956167997L, 1701366698L, 
1952341064L, -1203436431L, -690286109L, 261369060L, 396056594L, 
1170783207L, -1640586319L, -163160586L, 346546196L, 990850853L, 
1065441327L, -1780809240L, -1448249658L, -1985734797L, -87019563L, 
-123779150L, 1123893632L, -2136409751L, -2092462629L, -795278036L, 
-1448808646L, -1765359121L, 31675513L, 859170574L, -1509694756L, 
297378125L, -661324617L, 2074224192L, -2086607074L, 350240235L, 
-1966653075L, 1734516698L, -551556712L, 1072773121L, -1432979021L, 
1773752532L, 630207970L, -1918836617L, -24656447L, 1611181894L, 
1102944900L, -1616272331L, -1808006113L, 484311928L, 689367638L, 
